80584619749
80584619872
80584619995
80584620117
80584620258
80584620487
80584620660
80584620831
80584621478
80584621651
80584621826
80584621971
80584624007
80584624179
80584624355
80584624527
80584624690
80584624875
80584625055
80584625200
80584628049
80584628167
80584628365
80584628575
80584628805
80584628988
80584629149
80584629336
80584629499
80584629662
80584629806
80584629945
80584630147
80584630309
80584632901
80584633107
80584633283
80584633447
80584633652
80584633890
80584634108
80584634278
80584634474
80584634610
80584634773
80584634935
80584635092
80584635252
80584638537
80584639283
80584639383
80584640790
80584641643
80584641800
80584642231
80584642575
80584642705
80584642950
80584643105
80584643256
80584643408
80584643556
80584643708
80584643862
80584646117
80584646218
80584647291
80584647409
80584647521
80584647650
80584647780
80584647907
80584648025
80584648615
80584648767
80584648868
80584648996
80584649125
80584649254
80584649375
80584649487
80584649613
80584649737
80584649871
80584650013
80584650155
80584650293
80584651011
80584651154
80584651291
80584651446
80584651648
80584651800
80584651972
80584655539
80584655813
80584657282
80584658963
80584659120
