4748058712
88167426860
88167426867
88167426872
88167426876
88167426881
88167426885
88167426890
88167426894
88167426898
88167426903
88167426907
88167426912
88167426916
88167426920
88167426925
88167426929
88167426933
88167426938
88167426942
88167426947
88167426951
88167426956
88167426960
88167426965
88167426969
88167426973
88167426978
88167426982
88167426987
88167426991
88167426996
88167427000
88167427004
88167427009
88167427013
88167427017
88167427022
88167427026
88167427030
88167427035
88167427039
88167427044
88167427048
88167427052
88167427057
88167427061
88167427065
88167427070
88167427074
88167427079
88167427083
88167427087
88167427092
88167427096
88167427100
88167427105
88167427109
88167427114
88167427118
88167427122
88167427127
88167427131
88167427136
88167427140
88167427144
88167427149
88167427153
88167427157
88167427162
88167427166
88167427171
88167427175
88167427179
88167427184
88167427188
88167427193
88167427197
88167427201
88167427206
88167427210
88167427214
88167427219
88167427223
88167427228
88167427232
88167427236
88167427241
88167427245
88167427249
88167427254
88167427258
88167427263
88167427267
88167427271
88167427276
88167427280
88167427285
88167427289
88167427293
