4569383000
169170956718
169170956726
169170956731
169170956736
169170956741
169170956746
169170956750
169170956755
169170956760
169170956765
169170956770
169170956774
169170956779
169170956784
169170956789
169170956794
169170956799
169170956804
169170956809
169170956814
169170956818
169170956823
169170956828
169170956833
169170956838
169170956842
169170956847
169170956852
169170956857
169170956861
169170956866
169170956871
169170956876
169170956881
169170956886
169170956890
169170956895
169170956900
169170956905
169170956909
169170956914
169170956919
169170956924
169170956929
169170956934
169170956938
169170956943
169170956948
169170956953
169170956957
169170956962
169170956967
169170956972
169170956977
169170956981
169170956986
169170956991
169170956996
169170957000
169170957005
169170957010
169170957015
169170957020
169170957024
169170957029
169170957034
169170957039
169170957044
169170957048
169170957053
169170957058
169170957063
169170957068
169170957072
169170957077
169170957082
169170957087
169170957091
169170957096
169170957101
169170957106
169170957111
169170957115
169170957120
169170957125
169170957130
169170957134
169170957139
169170957144
169170957149
169170957154
169170957158
169170957163
169170957168
169170957173
169170957177
169170957182
169170957187
169170957192
